  0.61154580    
  0.25381446    
  0.86232758    
  0.13961816    
  0.56344485    
  0.81810760    
  0.93547797    
  0.58087373    
  0.74542832    
  0.41762304    
  0.99253058    
  0.46289253    
  0.83682942    
  0.59613323    
  0.21381164    
  0.53368568    
  0.65648031    
  0.46569467    
  0.93249965    
  0.52316546    
  0.84325552    
  0.59749341    
  7.19439983E-02
  0.16385269    
  0.87438107    
  0.72539759    
  0.76105094    
  0.98446965    
  0.98387003    
  0.90600300    
  0.19542909    
  0.57853961    
  0.51801443    
  0.26897621    
  0.68496609    
  0.22651434    
  2.90327072E-02
  0.95386863    
  0.67093062    
  0.33228636    
  0.73888564    
  0.45103812    
  0.60118198    
  6.95064068E-02
  0.19485235    
  0.88481426    
  7.66956806E-02
  2.81159878E-02
  0.54886603    
  0.79179025    
  0.61876512    
  0.58631444    
  0.19034696    
  0.16261005    
  0.98735905    
  0.54486346    
  0.52157140    
  5.37421703E-02
  0.24789715    
  0.41057158    
  0.47663116    
  0.74329686    
  0.59082127    
  0.93359637    
  0.95705914    
  0.29332304    
  0.88236260    
  0.87072086    
  0.20586205    
  0.92661333    
  0.59151077    
  0.52397966    
  0.52903175    
  0.43917465    
  0.20873332    
  0.18329406    
  0.62326288    
  0.18054986    
  0.50530982    
  0.74323940    
  0.62634635    
  5.81240654E-03
  0.69078374    
  2.96568871E-03
  0.84462738    
  0.65435290    
  0.70962763    
  0.71209478    
  0.17823386    
  0.57964134    
  3.40144634E-02
  0.68197918    
  2.52704620E-02
  0.72382522    
  0.33212972    
  0.10692453    
  8.21123123E-02
  6.49597645E-02
  0.78204131    
  0.76951408    
